 id | mentor_id | skill_id | pricing 
----+-----------+----------+---------
  1 |         1 |       11 | 399.00
  2 |         1 |        2 | 705.00
  3 |         1 |       11 | 783.00
  4 |         1 |       23 | 830.00
  5 |         1 |        2 | 22.00
  6 |         2 |        7 | 269.00
  7 |         2 |       24 | 759.00
  8 |         2 |        8 | 898.00
  9 |         2 |        8 | 281.00
 10 |         2 |        9 | 409.00
 11 |         3 |       20 | 688.00
 12 |         3 |        5 | 681.00
 13 |         3 |       18 | 574.00
 14 |         3 |       27 | 990.00
 15 |         3 |        8 | 51.00
 16 |         4 |       17 | 350.00
 17 |         4 |        1 | 798.00
 18 |         4 |       21 | 304.00
 19 |         4 |       29 | 952.00
 20 |         4 |       22 | 977.00
 21 |         5 |        3 | 248.00
 22 |         5 |       26 | 500.00
 23 |         5 |       22 | 908.00
 24 |         5 |       25 | 504.00
 25 |         5 |       27 | 218.00
 26 |         6 |       21 | 940.00
 27 |         6 |        1 | 739.00
 28 |         6 |        6 | 701.00
 29 |         6 |       14 | 546.00
 30 |         6 |       12 | 585.00
 31 |         7 |       24 | 484.00
 32 |         7 |       27 | 11.00
 33 |         7 |        4 | 102.00
 34 |         7 |       20 | 884.00
 36 |         8 |        4 | 105.00
 37 |         8 |       13 | 815.00
 38 |         8 |       26 | 729.00
 39 |         8 |       23 | 494.00
 41 |         9 |       13 | 221.00
 42 |         9 |        2 | 100.00
 43 |         9 |       15 | 160.00
 44 |         9 |       18 | 973.00
 45 |        10 |       28 | 112.00
 47 |        10 |        5 | 30.00
 48 |        10 |       12 | 266.00
 49 |         8 |        1 | 844.00
 50 |        10 |       25 | 610.00
(47 rows)

